10000
10020
10040
10060
10080
10100
10120
10140
10160
10180
10200
10220
10240
10260
10280
10300
10320
10340
10360
10380
10400
10420
10440
10460
10480
10500
10520
10540
10560
10580
10600
10620
10640
10660
10680
10700
10720
10740
10760
10780
10800
10820
10840
10860
10880
10900
10920
10940
10960
10980
11000
11020
11040
11060
11080
11100
11120
11140
11160
11180
11200
11220
11240
11260
11280
11300
11320
11340
11360
11380
11400
11420
11440
11460
11480
11500
11520
11540
11560
11580
11600
11620
11640
11660
11680
11700
11720
11740
11760
11780
11800
11820
11840
11860
11880
11900
11920
11940
11960
11980
12000
12020
12040
12060
12080
12100
12120
12140
12160
12180
12200
12220
12240
12260
12280
12300
12320
12340
12360
12380
12400
12420
12440
12460
12480
12500
12520
12540
12560
12580
12600
12620
12640
12660
12680
12700
12720
12740
12760
12780
12800
12820
12840
12860
12880
12900
12920
12940
12960
12980
13000
13020
13040
13060
13080
13100
13120
13140
13160
13180
13200
13220
13240
13260
13280
13300
13320
13340
13360
13380
13400
13420
13440
13460
13480
13500
13520
13540
13560
13580
13600
13620
13640
13660
13680
13700
13720
13740
13760
13780
13800
13820
13840
13860
13880
13900
13920
13940
13960
13980
14000
14020
14040
14060
14080
14100
14120
14140
14160
14180
14200
14220
14240
14260
14280
14300
14320
14340
14360
14380
14400
14420
14440
14460
14480
14500
14520
14540
14560
14580
14600
14620
14640
14660
14680
14700
14720
14740
14760
14780
14800
14820
14840
14860
14880
14900
14920
14940
14960
14980
15000
15020
15040
15060
15080
15100
15120
15140
15160
15180
15200
15220
15240
15260
15280
15300
15320
15340
15360
15380
15400
15420
15440
15460
15480
15500
15520
15540
15560
15580
15600
15620
15640
15660
15680
15700
15720
15740
15760
15780
15800
15820
15840
15860
15880
15900
15920
15940
15960
15980
16000
16020
16040
16060
16080
16100
16120
16140
16160
16180
16200
16220
16240
16260
16280
16300
16320
16340
16360
16380
16400
16420
16440
16460
16480
16500
16520
16540
16560
16580
16600
16620
16640
16660
16680
16700
16720
16740
16760
16780
16800
16820
16840
16860
16880
16900
16920
16940
16960
16980
17000
17020
17040
17060
17080
17100
17120
17140
17160
17180
17200
17220
17240
17260
17280
17300
17320
17340
17360
17380
17400
17420
17440
17460
17480
17500
17520
17540
17560
17580
17600
17620
17640
17660
17680
17700
17720
17740
17760
17780
17800
17820
17840
17860
17880
17900
17920
17940
17960
17980
18000
18020
18040
18060
18080
18100
18120
18140
18160
18180
18200
18220
18240
18260
18280
18300
18320
18340
18360
18380
18400
18420
18440
18460
18480
18500
18520
18540
18560
18580
18600
18620
18640
18660
18680
18700
18720
18740
18760
18780
18800
18820
18840
18860
18880
18900
18920
18940
18960
18980
19000
19020
19040
19060
19080
19100
19120
19140
19160
19180
19200
19220
19240
19260
19280
19300
19320
19340
19360
19380
19400
19420
19440
19460
19480
19500
19520
19540
19560
19580
19600
19620
19640
19660
19680
19700
19720
19740
19760
19780
19800
19820
19840
19860
19880
19900
19920
19940
19960
19980
20000
