9.712429285049438
9.719983100891113
9.756846666336069
.980545282363892
9.837344884872437
9.901351928710938
10.046479463577271
0.164167165756226
10.205426216125488
10.092650651931763
10.154397249221802
10.242658853530884
10.246208667755127
10.531918048858643
10.332654714584351
0.472428798675537
10.396589040756226
10.543843030929565
10.542230367660522
10.699813365936281
0.788088798522951
0.685585260391235
10.822200298309326
10.795496940612793
10.997828722000122
10.841364860534668
10.829161882400513
10.908840894699097
11.254778385162354
11.136040925979614
11.074538946151733
11.088807821273804
11.107618808746338
11.217609405517578
11.219563961029053
11.446995019912721
1.295979738235474
11.504803895950317
11.590327978134155
11.499772310256958
11.514871120452881
1.569840908050537
11.682218790054321
11.544457197189331
11.657154321670532
11.685972452163696
11.688406467437744
11.809430837631226
11.898971319198608
11.843216419219971
1.935015201568604
11.946381807327271
2.145154714584351
2.030246734619141
2.089436531066895
12.246829986572266
12.109057664871216
12.210402965545654
12.279125213623047
12.504172086715698
12.532751798629761
2.581973552703857
12.493869304656982
12.678050756454468
12.569547891616821
12.799071550369263
12.558602094650269
12.994214296340942
12.759962558746338
13.068794012069702
13.041324615478516
12.822189092636108
12.779850721359253
12.889131546020508
13.208541870117188
13.015911817550661
3.190556526184082
13.210002422332764
13.269073963165283
13.371575832366943
13.074869632720947
13.292052268981934
13.376927137374878
13.448400735855103
13.570447444915771
13.655766725540161
13.742835044860841
3.813719987869263
13.651171684265137
13.876005172729492
13.831881284713745
14.062409162521362
13.752528429031372
13.898905277252197
13.927313327789307
14.055797338485718
14.255694627761841
4.494405508041382
14.092504501342773
14.447359085083008
14.296739578247071
4.524215459823608
14.231083393096924
14.649710655212402
14.760714054107666
14.550634384155273
14.799245357513428
14.664986848831177
14.664447069168091
4.710472822189331
14.962023735046387
14.792074918746948
15.032706499099731
14.869872093200684
14.893846511840821
5.032346487045288
15.005106925964355
15.012405395507812
15.301978826522827
15.440992355346681
5.378044366836548
15.303465604782104
15.541074514389038
15.598341941833496
15.510917425155641
5.609597206115723
15.610665082931519
15.618179321289062
15.470586776733398
15.801594018936157
15.564343690872192
16.006959199905396
15.772773742675781
16.041245937347412
15.856793642044067
15.995046615600586
15.834281682968141
5.967211008071916
.008729934692383
16.500659465789795
16.081749916076661
6.724971294403076
16.140154361724854
17.166131258010864
16.323940992355347
16.750825166702271
6.392694234848022
16.434920787811281
6.508871793746951
6.601655244827271
6.624182939529421
6.814031600952151
6.719213485717773
17.081100702285767
16.850506305694581
7.086397409439087
17.511644124984741
7.194263458251953
17.356202363967896
17.122759819030761
7.161330938339233
17.231920719146731
7.688007354736328
17.539648771286011
7.574770927429217
.479196786880493
17.555325031280518
17.658247232437134
17.868713617324831
8.008878231048584
18.093080997467041
8.702969789505005
18.217274188995361
8.370422363281251
8.568780422210693
18.051158189773561
8.298880815505981
9.368116378784181
8.608274936676025
18.486686468124391
9.099690914154053
18.708380222320557
19.222352504730225
18.919754981994631
9.098573684692383
18.966823816299441
8.834581851959231
9.073620557785034
18.805531501770021
9.188859462738037
19.200510501861572
19.485558986663821
9.419928073883057
19.465297222137451
9.205869913101196
19.604381799697876
19.307739257812519
.409359931945819
.381220102310181
9.334909439086914
19.390072107315063
19.605731964111328
19.744745016098022
19.589259624481220
.038530826568604
20.167641639709473
19.708082914352417
19.881180763244631
9.836652040481567
20.387410402297974
19.933115482330322
20.234430551528931
9.895899057388306
20.608919620513916
20.024483442306522
0.310106277465822
0.090878725051882
0.062443494796753
20.601794958114624
20.359629392623920
.624623537063620
.937320947647095
20.816053628921512
0.701558351516724
20.833907127380372
0.604675769805908
20.627089738845825
20.799094438552856
20.746026277542114
21.185744524002075
20.779470205307007
21.357279062271118
21.068888902664185
21.077272653579712
21.556514501571655
21.254222631454468
21.237648010253906
21.508526563644412
1.288976669311523
21.311177730560303
21.596951007843018
21.637246131896973
21.576100349426272
1.514085769653322
1.687501907348633
21.960833549499512
1.779357910156252
2.846479177474976
22.059941530227662
2.612795591354372
2.210729122161865
22.105959653854372
2.205671310424805
22.298757791519165
22.371326684951782
23.329912424087524
22.662116289138794
22.880898237228394
22.795989036560062
3.091192483901978
23.279318094253542
3.587715387344362
3.442688703536987
23.591898441314697
23.227006435394287
23.628687620162964
23.788131475448612
3.321454286575317
23.667100429534912
23.695174694061282
3.475124835968018
23.788470029830933
23.553506135940552
4.152754545211792
23.794632434844972
4.214911222457886
23.857159376144412
3.993875980377197
24.478527069091797
24.205647468566895
24.158178329467773
24.253586769104004
24.574410200119022
5.027147531509424
.670606136322022
5.265032529830933
25.372464656829834
26.596223354339624
.710387468338013
25.173123121261597
25.249089241027832
25.335225105285645
24.711810827255252
5.251326799392724
.959968328475952
25.069004297256472
5.167581319808962
5.536365509033203
26.189454317092896
25.435278177261353
26.060352087020874
25.740715026855472
5.621377944946292
5.592319011688232
25.856954097747803
25.975372076034546
25.921956062316895
26.027791500091553
25.962055921554565
25.897355794906616
25.929112434387207
25.897753477096558
26.251670598983765
26.016871929168726
.243634939193726
26.057011604309082
26.186210632324222
6.349263906478882
27.030773401260376
26.218894004821777
27.408332347869873
26.486997842788696
26.787382364273072
6.934754133224487
26.862144708633423
26.833910703659058
26.789320945739746
27.266941547393826
.801729440689087
27.159249067306522
7.143848896026612
7.101443529129032
7.190773963928223
27.206805467605592
7.790917396545412
7.548778057098392
7.676722526550293
27.458847999572754
27.509570121765137
27.570734977722168
27.908732414245605
27.728207826614382
7.950259685516357
27.980989217758182
8.456281423568726
28.182544469833374
28.198308229446412
8.347922325134277
28.581860065460205
28.395121574401855
28.518703222274782
8.482014417648315
28.976197481155396
28.988925218582153
28.581770181655884
28.638661384582522
8.740567922592163
29.181691646575928
28.767338752746582
29.154422283172607
29.517658710479736
29.212280511856082
9.195564985275272
9.114780664443972
9.449591159820557
29.306588649749756
29.506680488586426
29.643215656280518
29.602520942687992
9.933018445968628
29.640677213668823
29.910135746002197
29.773698329925537
30.161522626876833
0.883050441741943
30.510152578353882
30.770617008209233
0.593595027923584
30.801634550094604
30.988410234451294
30.794778585433963
1.290308237075806
30.990312099456787
30.907208681106567
31.230296134948733
1.153301715850833
1.293916940689087
32.257997989654543
1.703893661499023
32.037296056747443
1.519677400588993
2.315289258956913
1.677334308624268
32.736136674880983
1.335580348968506
32.216333150863653
1.360506296157837
32.326146364212036
31.657840251922607
32.015403747558594
31.725774288177493
2.261950969696045
31.830648660659793
2.467173337936432
.795866012573243
2.749011754989624
32.590692043304443
2.873086690902713
2.825257062911993
3.128562211990356
32.960509538650513
2.950720787048343
3.029243469238283
3.135088920593263
3.325227260589633
.283867597579956
33.396024942398073
3.403562068939213
3.402892351150513
3.748117208480835
34.235527515411383
4.481371879577643
3.642526149749756
34.029628515243533
3.912327766418463
3.991911411285434
.040083408355713
4.758192062377933
4.324874877929693
4.524421215057373
4.466540813446045
34.84301757812534.519075632095343
4.589719533920293
4.593159675598145
35.035962343215943
5.751523494720463
4.965981245040894
35.087623119354253
5.316611766815186
35.408430099487305
35.534649372100833
5.248603343963623
7.642948150634766
35.390683174133335
.715009450912476
35.427882909774783
5.728706121444735
.809693336486816
35.677260637283325
35.774573564529423
5.928967475891113
5.864831686019936
.301880598068243
6.193251848220825
36.303003787994385
36.442774534225464
36.405718803405763
6.213816165924073
6.721109867095953
6.409811973571783
6.994660854339636
.430443525314333
6.469555616378784
36.492138624191284
36.671930789947513
6.594506502151493
7.063720941543583
6.917271375656133
7.161907672882083
7.422635316848755
37.881885766983033
7.575823783874513
7.543136119842533
7.551487684249883
8.435936689376833
8.447442531585693
8.077747821807863
8.668779134750366
38.977587223052983
8.387172222137453
9.085054397583013
8.632562160491943
9.050441980361943
8.793412923812866
39.133975982666016
38.764817953109744
0.950741052627563
8.756919145584106
38.904628753662113
9.803872585296633
9.594460248947144
39.055374145507813
9.505578756332439
.026699542999273
9.325121402740483
9.594030141830444
39.639293670654339
.542667388916016
39.888281583786014
